005000030000900080000570000090700003070130050302000000200080000001009425900007800
700000000050004000320000000000102700400630020010700308035000100002060050600070003
105000809000000000003000210000000640008040501000000003409502000000986005080004300
080000700030006405007000000000430000000800002500000001260005307400000210700600000
000040000002503006063000700030000000051000000000760003510300040080270010206400000
020005000000003047600000005090000060000800002502000400000000700970680020053400900
500027010700160900060009300012000073000052800030000060000800000000205000900000000
080010200002940010000207890010760004095000002026000001800006000000409600000100000
900608500400005218105024000000000904040976800000001700000009160000000000501067400
000200003604510008000080090000320000006000015050900000900400000008000041030000080
060010405000820007102000600020000706000580030070000000000600004000040350000205100
070008300300000006009000700000000040948700601007000890000900000064007013103040200
280000000037600000000090003701000000926010700000002000008500106060700500002000870
000005000840000001200740006020004750000000003010000000002000070580670000006801020
000009000060000040000000020700000050150400600096025400510600700030740910070090060
000400108300280000800501900006800200000000000480139500104000003090005000000000600
000500070000000028000000509007000230000980000000040006080003600050200900003470000
010900070000000000008065004000080090000701082000000400000470900020000150007109006
003000006000094000000107000690080030000423000400000801910008000704006000080700100
004502000009000000000400006000080704800004390060200000908340000270000030006007500
030007002000020000900830060007480036003000048085000029020000000500370000000540000
300460000002000006000000180000098000040600020013240008007000030400120000680000007
500030090070008600300507040000000000006000000000400026845009003020000050730060009
000000005000184070060020000700000500003807000001630000400753180000000030000001700
000060700005183000000002010010200080320007000700900300000000003000670501280005070
409000007100860040057000206002000004000096000000208001000000002000579010000480005
000007000782000000903005028000000305000000670005076082000801537000002006008500090
050806000700090000000000537000900602098000004000040070000000000600000420004352900
800000000600001080340060150016823000003000400200050000000910200000305000109000040
750020800002048070000000160080004210060000040500910006000000000900050000800067000
300008070070041089050000010000680100000900000080000000003107000600400800009050600
070580600000000050901006300003000000000731000000002000600005208020090003800200706
080900040200006000961300820402800030050004002000100090000000000003009000810000000
008530000000040090000007800600004009000005000970010504000369050000000080000001730
000010900506800000740000058000401000000900036003000095107000080000090004000108600
090300007020040030056007409000453070000070050400809000000030000067200590000000200
520000069006040000000008002010000008040000600000000390060200930003506000080130050
002018030008500009050006004000000100830000000060000005003120000400900800020004090
000670000003000462004010000040000007002008100700000000600040700005130620800200500
300170006500006000160804970040001000000000800080700093000508010000000704000400059
000700000742000000130920000509800200000007000000040300070305900000090800205000040
730400506050000002600307000070000000000040001200800000000201300010060050040700000
020001800000962000000000000290000100000006400040278000900405020010000000706000001
000075420900000000800000500704000000000060209000038657008000000320607000690020800
000000070000040008008010000100090600406030005300400080000069051000080000040007096
500017800007600000462800700900000602000000000010009045000000009204000000000400180
215090000007500006609730200000908160020310000000000020000005000092070000081000070
000060001005008000010000000100020000003000008069000375002003060090800020030015090
300000504000407003700001080000004000000500000403018000060005190000609438000000006
400000000000090007000002900009043080007800000008609300000420690000000000210060403
000900000560004008000067000400010060800095000000400000080059307650040010003000096
000100000502086019090000060020000603000000452000000000800010000009340000610092008
091003207400007300002000604000501000025390000000060000206109500000420000030006000
000008000204006000068310000007009000000860070840071000130000408000203090000000260
005080004060000007030500018003001049400070000090306070070000100000008000040050000
043020060007003205150860074000030080780105000000000007036081000000000003000000000
730010000000420070090800000020080000000700003080006100160078000000090046900600008
300001000000000000405000600280500700000100003006003800750200030028000504000004060
000800001007102036020000790006000000100694000000000000300040080908003010000900063
200000000500001700073000900830020400000800001004010000400308000100500070090000050
002000416900000000100007020670001000000003000840200000090070600000006002010002390
500030000029001600300090280800000009936070000002000000700100006005820000000500070
050060000200809000040000000002006070080070004094302008008600200007250000000003009
000030680002000900760900000040350002000004000083009700000207000900500200000068040
008201067009070000100000208530000000000006002000000500710000039900680050800030000
000000002096000007000582001000020000800030690030700005001907300000000000960300000
107036008800000002300007900080060091000000030050901007000020000070609000200080000
003001700700035012000600300000002000000090008000150000070008003026000500050907106
080000601050640080300000402800010030060000000201000098504000000928000304030000020
000017000048000000000430500057680000080040000000700006005006001410900060036000708
004060000090000002000000900000000000023070000907600140630001007000000090700043801
790000051001000000300800600000000000970050160540006007000067800000000410000005009
605200003230100000018040000023000000000301000500080000000036580006900300009005200
200000900300000000008500000000090300105000000000800170900023001070080006500600037
201064805004250000000800009000600000000420600600019500002090000107500000085007000
507000000108003070400009001001000600300500080050000039000000460060000758000008000
050006000460120000000075040000047086200000000001000407000054060070000205000010900
830000010006100000040020800600080000000030796000409080001396000000072600000800030
000001000000000200280000703000005060010040072000006400420000807007050301030080520
007600080000000402524008000000710005000020000072004008010000000009076000608900000
053000160061005907980007025000010000030800000000006000000028000000700800090300756
000429000700000000000000206800206000000098040001030000100003000670000300039764018
000000000003065120020103045005000708000840060000050001860010003000280000000000004
970000000004070010000350094009000000000001000500030001007014300000780005056900800
000060000000000800060000300100005060350027000027180040012070630084200701003000020
007140600010806000082070040000000980040000000006000700050002090700059010001000002
300408000090007000200506030408000600050900000600304500000000040960050070000702006
000000030000006071000000005082050000306900000900208506009863200000002019007100308
000700150000000009070805040000200090032950000018000000004009032000400075005080900
050007040000000008010400000000003007504010000008000103007006080201050000040300002
000010000000850000070009000009300000000005600006001408803400170004030090600008050
071000400908500010300000007030904005200000849500000000050009103100005090000008070
000000120090502000680000000000070000520010390031600008060000500010300000300008600
068007300000000000007400509003270000580309000000006004000700002200043000706005000
000608007000503260000027009008000690730060080000001000020100050000000300090275000
000300100010070500000904070040001980000000000000000005903600008470003060001080700
000000500700830006003691020000020300900107800000000000000000100012006790600700008
500000000020300000000600800900170200800000070102800590080060050309005102700080930
000000002030600040400008056127000408604000000380000020000000071000305000850001600
740010080290005000000000100009700000405820000080004600020000007000001000100060040
000372000007000603001080040096041000100020800000008090000060001000007020000234908
000000000798640020056000090900400008000980006000000030600000700480070209007000453
010500000065009000802000010001083007090052003000000000009200030008090106000076900
000200100004000020000010905026000800000790060000680002500800041000470200700000080
039000681002006007000000030020810500100039700800605090000003020050001000000000009
210090006700068120000002307000900000500100609080005000090000000100020080630000000
030000006005000098906500003020090000300080000050304000000400060040278030003000200
000000100080700300346020000000060000060001970002000830600074000078000000001800200
093002000042100000000000001009000400010400603080000025034800059000603104000000000
000000000910470000003800000500061900000003470000900500100009700406350100800000090
900030000075060900020007050000000400000020090000000700340090002057003060060105003
006090001590000000001006000009523070250801003007000000100700200370060000000302000
000500070000080000500000900002090038003000100100000506080009300001070005029030607
301000000502009108000000000000081720083020000007095003000000532000002810600000009
000060800010809006000000010083600070201000000000704030000420060000300200000007903
050930000900050800020000060060000180001000000500102694802600005100300048000000300
000000217000000005000006490460900000208700009107650080000000040501000006000001720
790801036000000501280300000620900007000100060058002009076000000000000010000070000
000000080204000030001000000002500968400000200086001050300090000000054100010086300
000000000003007000400000095705400100000000026001300900060500004032710060900020510
007000006001603008205740000020000000000004037000800000003060800100007000046250000
004002000000000300000008297042060010000009030080030602000000000000841006006007940
000030000004002000090000000005060300020007809930020046000045602000000090800900070
804100200000009007020087000009078500000000400010900060200490080060005000005000004
008009307009000240403000080907006008000100020000702000000601000004000000302400000
810603500000420000000008600402800000000000254000000070000084000007250813000100026
000900600020007104000080002090010726000000000047026019800600000000000040000049003
030001020201700004806000000003000080005100000000006473100580007000247010000000000
000561093000000000300904021006030184910005260000000000460000000508000030000000908
304000970007004030080600500010000009096800300000000040000100000003067000000300165
100400050006005090030902600004006070070059003000030900000000206000000010602000005
020104007300000400000000003800001069000400300000280000002000070009006000004803902
000000006900000508000100300080050007406007000300009684695000040700031000000000005
000060000700009003000010000040100560600700000900020740300500071090400200005000000
004900000030000007270000010400000053000007200360010900609000040000000701000030065
600000000009060001000070030010000700007000590906080403300800170450001006000003000
008007501900080007100005009080091000204500100000070300305400070000030000001000000
378000004000304006004000020060000098000000070589400200700005009032000000005000780
002150000010600009000090065800009054000400300304010680000000000003800000020004000
000000198000700000003900000040008705500300280007004900070000000100003007028010003
005000004003007060600400102000040203039050400700000009001032005050000071000000000
200003000045100000010000900400000037170005408008000500520900070090000302003000001
002046009809000000670800050100650000000709000905000000008005402040082000000000700
300000200004000070002840105007501009081000400000000000500000812130000000040009503
000000000860701200000205001000069502080050000000400817000000604096000070001000090
000053009000040000350006800400000600130069004070030000890000000001800070005001000
104060208036000004008004090000810000000926017000007002000703000800000631000090000
006003750040000008700560000009050600000000004000008900080090300000037009305002000
013000000900004000000000001069007030030200006402009700080100000000092400006800002
000906002040000090000028000060000030052000801900000064000042500000690043000100006
030100040050000907079306000910200000000000003004000000600510390000009020003020600
090730020001000090860900001207009008000300040038004060070810003000000000080020000
904000000500430701006080500800004000100300054000090080000501900000070603000000000
028700000700005000063000000300000400000046000000000008040060010006004053200500704
010075048700000090000002700000900000280000070130000204890000005000004010051000003
020070300003000700000000010405001006100050000007008200000106000800027004000000803
030010000090000080000000000100087469008040002003002000000708040000460900082090100
010000807900000100300000040003200080800007200240860703761002000000010600400700000
800700001900040530230100007080005043104000900020007005090000080000000000070002000
009000000000030961600104700000000210005900000200000000500010076100005400460700003
020001009030240000540030007002500090000000408100008072700090004000000000000300000
701090085300050006006780000008600901900004700000003000003000000000000459007000000
200000094090000806000002050900820500000004630372000008623040000000000000854000060
030000900400800700060000000020410000008000070700000340000030002900280060002000197
100005840070006025040809006000908000006000100704052069000000000050000000020001070
000000080000200467000009000340098020602054030098000500000003008700082045000060093
000000579007805000001003024000000000400009003000000201900070045000030000054000018
000000320800005060000200007060000002000932500000500710090006030000008005005709000
709800600648000000000002000006107000250080000000040095075004010400010002900500000
000600709000000080020400053006500200008009000470002000000807000030250008000000345
000070250001300007600900300006000075008009060903000000000000689007000000000510020
030000700000605000500000010800203005000007400650010000700104060206000000008020000
180300054007054800000201003001000000300000070240000600024000000008000036500007080
000000030031092000670400820060300019000000000908000070007084000802600000040130000
030000000008000900070069500740020009020080000603007204000000300260008700000070050
008910000305000800000060000002490000000081000009000500100002008000000200060030001
000000001645900000902006000000080003081460000000103000200800490008024000000500600
006000000000050009080900007108009000730605000400010000070100504943000600000070800
900070001004000200006000738600000309290000000401003080730000002000004000000200170
000400080000000000503000000200309810070000009805007200409010702000900004020070000
070000060000020048050000000000000096090400500043008070002504000037000900084079000
000070540100506098000108006015000200000000000840700050000900004709000000620000000
000000000600080000000726009300840007900032005050900800002000000003090040765000002
000010400000906020060302000804000500300020000000809000000405002230000009000008100
000803900020000105400000703000000000100580029300972400200400000007009000050200000
409000300000000800586340000000500000800106005040730060950001040630800000001000000
305010400040890000670400300000000006703000000008561000900007000006050000400600090
000092300004000090320000700900006000000830000200000080400608103016003078008120060
300070600800900000010046030000000000008000067000050190900003700051060800000704006
030000090928000600000050820070000400000070000000004030340700008600920700007005000
001034070000000000009082400000210004004700300700009260016040030000801000007090000
000401000000003904000080030300004500800109000100850000287500400500000720040090100
000002005000081000000640080000000000007820060080307041000000014020030070051708600
000000100020900000900500403008000006060000031004000500040301008031000065806002000
500400000900006804600500900003049100060800005000100608170000500000007000000000400
100300067070080000000000201600010029000630100320009000000071004000000000000804670
070200005000060003030104000200080001600030080000500200001000007000800500007000800
000600010070300040005000000040100079059403060006700000021070094400500007000000200
007000005050000836800050400000030240200780000035040000000000720080000900300060004
001070000037082000092304000200000030009850000050007000304000010000021370000009005