000000860809005003000003004650908031700100000000030705000000007080009400100500006
016230007000100040029050100902403000600000000050009200000000093005070000730002000
030800209000070610600900080008200903340006008090004000080020070000000100000000000
000000030900705002040960000030209005500040090700300200050890600402006000600070000
520106000301080000000000200005900102009002000200064030000003006600005004080000000
054000000000007000100400003000000405000306000001900060390075080060040370000090500
000850100080019002000200065000002030004000601009000050000090000590600000062300400
000001080690540700500000000080900006020670540004080100000000020000009001100000470
004908000000030002602000000043010000200060900009300000030580690000040000100600804
042000000070089000050702300700000008000207510000510904000005020000000000800041000
000050401630001070007900000050002000960400703040030100300020940004000010090000002
950000004082000031000000805000000000104003000537400000210840007009307000070201308
000000000730000004008470500104307008007800250000000000600710000002050000015600040
030007002090500000602008005010900000075860030906302000001000080000206007709000000
020000060000009000000400731000046000078000146009870000380000629001060004900000000
020895000006700000004003700000000030208900000000000600005080090090062008700000540
000000080000000407000020001070500008200370090048100002009000003700000540001005200
005008000000306000000020000040080095000000004002004183100003062900100008308200540
000000080700200005009000000090070003607823100500600000020007060000950300910008020
300000050080200400405000000000001390000040080004308002008409030007000001032800000
007105080600003105000000070300067000080000000006400003403800507010050009070600008
000057620100038000000000000900000007003000008000000090800001000060900075592060013
085700000170006000200000050600508320500000000021000000000604010000970200709801060
800069007000000000046000050007002000580000070403500008600830009030004806050000004
070062300200300000040980600030000080002010007069003002600008000000740000800006204
007000000800000400010500000030000700102780030408100500706010200500000006080200010
030092100010004700200000045005020000000000906000000053003000070000500009007019200
000000320800040000200000705400000000009470200050930400038090000000000081040007500
000708400200900603080060520000000060008000300006090005005000030670003800000070009
071000003009040008000030019200000000090020070008000100604080000000003000300702060
000600409007000000800000570010000000089050000703009000070004150400130008050700604
240090008016000000000000064568000000003400006000000300900250001080010090005830000
006007020070500094000409870520070109007000000040008000062000000000000000000106500
005700000000000010003060500000000000600570830800120050701003000060080093000950076
210050000050000030000000000000700900630008000801060020000080570509270063000090001
437000000020001000600002004900020000000700042004036070000098036708600000090040000
000300000085000000000214009360400000000023000009605000203000410400000000000900052
090008501100620000008010000807000000060005107000960000400700020000000000750140600
103080040050070069000600800790056000800409007006008001000000005300000006007000080
350000000000630800070000000400000005007008460109400000000047000006310080705900010
000208600027100000000000001700060200600800013401000005080000007005302000004000000
420900000378502000000080000903000408000097600680003200000060800004079000290000040
100000045890750300006100008000907000004000080000003960000006009010370004700000000
000200100000078004000000300070840020060000000005030076506700003000001500048020000
000000008400031000020009137270005000000803004090000000000000092000904000010520800
003000600600000300040900070000009100050103049701000005200090050000062000000504000
000230000090051000000007000100700005050049000746000020320400071470160500000000034
800250001130000000000940000980600000003000000015090800000000400040010095020006108
010000630903000007050000900000000120005000068800006000120305000006002350000068070
200800007005600000040002610530000000020000008700080000000026351000305000000700260
026008400004900050000000000000000007090002580000790600002060000560000800070329000
300100020700000004041300760030005000016000002000072400000030100070590000090000000
020001000000080000501600028030008002600032000005700900000009070069103000000570000
209000000000002635300080000700009000000506089000000000000070000003098052006003001
000300040800200000050100000300008010142000000000000200004000605008065091060409008
904700000600000250001000006000000005000091400800540000040005702002978010080000500
204086507609000100001700200500600000000050080010000409000478006000509000000000000
024000000380740000000802030005300190100000003000000002009030700540080000713900000
009004000050290800008015067800000100004006020100000006000000094000080001000079200
002008690000000074750009802015600207020000000000054060000100000006005000500986000
040600000602400100080092060006000500293000004010000000000000800900830621100004050
064000030000635004000000072080072000036000900009000000902300000040250000500008090
400070250070120030000003060060907010000000600020050904500000000094000100017000000
700003000000047060400605009050009006006000800900000320500004000000030084009008070
402003005000060000100000900000000000040100009301005000003740062010020004500090700
500800700000010280040000059000005600081070040400020000950000020872400000000000007
006000900037000000400060000000000001970008000000400708050304600080790004001800030
002006509090000061040800300000000490100080002006030000300010650005000000018000000
000230000000000000900061802700000900000000030100740080610020700040008200090010006
800300450320000008000600000089000010015000000000004000060510040092000065000090300
010000902025008010003000000300001000000000090060090081006300208209100030008000040
700420000014087000800009000000096000098000020307200100400000000000073410000610032
009080001700300900000620000060070300000000060200090000080004000391008402006030018
350000700007000018060000093000070605000498007708500100000100000004906000085000061
000500008400000200600120540001002760000301000008040000046008010000007080000630000
500002000009040000200938074906004030000000006035000080020007000008090000600850000
006000200580670001400001035000000500000100800000040007750204100008500002100800000
000086109015000200809000000900060700000050021038097500780010600020000000601000000
095134800000000003000008500000000006004805130100000000001700400080009060000080790
000000003000000600013000000070300209400900000000760010600240070940510002007003005
063900002100004000000281600000006000000050106200400005430000900509010080000000000
400000000000008002035002017020500098008004073300100004240000000103005809009000000
900000081000030907008050300000500600060070000000900070013000000002106000870090020
040021009030050040050300001006000270720014000000900010010000095073000000000000000
020000070460000091000090004701000006080007000290080100070000008003910000100020430
450000670900206003006000200000009080007000500000300000003800000600902007240007300
000000409400300600009008003300006000900030070070080051006009000000060008030541007
500804060000690400600700300000200000700005030030900500800000649009000002020000750
000004500000000000200006700000005840004003905650008027940502000080300000072800430
067000008100023004000400000001306000020001007000890000200008000070000401096700000
000090002005401080063500004400000100000004030000060020056000090002080000901000060
009010005010050204200000700500102000000480000000000300003000000004038000100790508
000000000204095070090100520000007890000000000000000253008001000507900300402008100
006080004400039502000000000003040000000800049800926005000000000300095008005002601
010206000780000300049000207000700002900360004000109000000900700004000000030680010
004650000000000020050300000000002030020460801070100060001040280080010307000708050
720000400091026000000050002000579600010000000400002700070635009003010000000700001
001000030340000000060000104080006010034005070000030406000050308702000000000604051
302000090150003060080050100000040000400938000000201000005000280800006900209400000
150400000700020003020030080000017000000005102000300000014090005000143200000000009
000000205060000019500000060900850640450030002006920100000001030020090006300000500
800300640030470000600080090002063700000000980000000005000200000080090300006007000
004850000000096001000002300050000010000030800008000209296000450003580002005000030
000064081000700500006380004030000000000000800000000265602400070450007000708020000
450093000902008000030000000005009000000054078840017090000000050074005082029000000
000702000003000000040301002000090000061000000070200009700005410319000060004003200
902007000500100080030200004040093120000001007009400008800700300200000000000000090
067830020010045007020007804600000208008000076500000400000010600050000083000000510
010070080070040200400209005000027100000510000000004000001082040740050000092000003
006004002030860507570001804354600000200000000000010050700480000600000000010000003
310000906006085000000000000000067203002009000000000060001002000970030008200570300
000006900006900004000050208400000005070280000000700043800370000090000002000000630
008001060004006000060850900005000870012000400780000600400500700009700000200018005
100000062008090030040000901090208000402000003000300500200000100030500080015600000
008900006050203000720080000200000090007006008500070000000010000300800702610002000
307200090050697002000300000800705000000000850090000103003006000500000001719000600
030500000021007390059320000300900040010006020000001000000000730070060002000002061
300000087801000020004000003052070400100000008000030001000050700540060000003700000
900100038000020100400000070000080000200005003083400015000300090000049082000070350
005400000380007000000658000003504000000080000070300560600000820001000050058012700
000000006000805002500000700080401000170300008000000400005008600020037001000010083
000078400000005010301000000080009000009040305200000700002000000000390000910850000
002000070000005620000100000000047003000800000045001207008200006003000040200708315
040000000000050060006000507020063001700009030000104020090370200000002075000400900
000007080008400001730001000003006420000100000200008709820003000906000003010000000
890000000060200501000090008958020040002000900000100000081000400600004210400600803
100090020003500000005000080207000001009057003000000200000002137900000006700008500
000600194000004007000120600050700200001206000070000001000008005010090400700000069
000000060000030002504000000090000400062000073007006020059280000020307004000059000
471000600006007500000026010000079064060000801000000700108590000004001980000008002
000010004871000060000050308049000600000000043300700000060080000108400000007300805
000003000708500000090000301000000403080000050004100007000210005840900102200840000
000630000500000007200407000039070205001320040002904060000000600000249300007000000
050000000000060452000040803360000008200000100008430006040010500002000009900680000
000000205000000001003600000000840627084500000200010000040050700006200050305706080
704000036006000000500040170601020500000005029000000000195200000400000010207900600
006030000000400006504000000050070308000900005007020600943060000600090700085003000
600150000804009005000000390000034700000801030000060009009006000760003000000500014
000080000006000009085170000003900006010008000000637000050000091900000508071400030
000030007007004100800016000006270001000603002000080500060002400203000605401000300
200407000000018090600090300000070010034000600020000000900006280080000006300800940
100000600020006000009400002810003000600209048042001000200980007000000009700302000
090004006803600000002000890001520000000000910000030020000000205000150060680000000
000020400109000000000005800401658000000071500002004000804500790090700200200040080
400030000000004000000070003507008030000000006093750000060000008000015040740800591
500008001970000604800004000000000050000000907090010036000000300005600078003070060
000000000700006080094000170001067900083000700600000050800300004500100000070005000
090640200170230000000000900000020000008000003010370408000010846000700009060090300
000000703000060040037050006000310060001900050000000200029041000040500071000090000
070000000000004008420003000500082004000061802000000063230006000040070000608000700
003000000000000050009005002602040300090007040500000800470030600006020000000700008
090400003500001000340009100800104302000000809920035000400200080000000000006000040
000000307003000000520000006280053000000406000700821040400370005072000004000000608
900107000067000000050000980700604020006098050082000000000706000000540200405010000
000001000902000080010000009060003000200016047070908000040009803130002960000030001
290005000006000300400306000030060100902004065000200000100483002500000000020000009
000072508020000700000000009300000000004090357800000901000980040000040200007013005
000400002080600130000802705300010040460000000008000000010005620247060500500000000
005090041001000005260000700902100456008000002400000000090000004000407000000005280
100700090007059000090040100000000007035000004000020000001500020900000760240030050
010040007000100293000072080000010009000409000900200410000807061070000020200630000
001003000830006000005000001600810530009050046000000007906000005010008004070600000
400005020000290000706000000000700000680000000905060400008010090010850064000007058
800900000600087540710250000400000600006500200200010087000070000001602000000045060
060000004008010270000004091500000000084090000100840000207100065000000020650020009
503900408000005060094000000000060000200700809070800020000500200040020096000409300
003000900800310602000600410450000030930800000000000008104000020020050000090100006
000008000000100500408705000020407009000090000507802004730020000200000903041000000
000030067600090000005000000470000000000080090039000140000004900080700500503008006
050000094009000300703049000000030000067010000000002005002090130670200500305000026
000006080000003026500000013020300009900040000080201040100900000000000062406080000
000009200000658000007100000060200000930010705800900023000003500000760302100000900
002900058003050020000030004020300000070400015000090000000007000085010003100000072
200000900007040800030900017043001028500200000010790530420000000000805090000007000
200007004070800025000036007000000000000728006400009000042060080907005062060900000
000000000000100709000902000002000490708000300430090070500030008040005200007840050
790300200034208000008000500050790820000100005400802090800000030000009000003500000
054000900600000000010048000900000102000100800030082040040005203300000015200600000
304020005070008930900010700008000004000209170040000000093000000000000000000850020
003700080000590307000004900000005800007000006060047003620009040008062000405800000
008000004900400005006002700700080040000009030030027000620905000090000060054000009
500390401000000000039010000060000500005000090471000000803406050600000084000500003
003000006000007500840210307007400000100000000604005203000030700006000080002000100
009120503508040000013006040002910000030000000006005094000009065000000320000001000
810000700090000230306010950002307000900800000000690000580209070700008000000000500
060000031830000050000000000200003068309008000004000100000900000500604900048001500
000016004000905830006080002004000000000040601000009000920000000010800005508061200
000890020020003600403061009380000002000000000006007000001000240000640900070000008
000000000000378040205000008400590203300200000000080004000005000630000070080040600
000000705400300920520009001900107600006000000000000003003074009102900030007030000
300100000000024008060300170000005004704600300100000000530081200001040000206000000
087930005400600000000085000094200000500008000000750002905470083008090200030000000
800000000904010005002045000000000090490820100001070048000000500005706200100000070
000010600000850003934000000020500001300080004605003802051030000400020000006000000
000006030096000000004020500300500000009000700100002050000007900072300014065004200
009580000030740010040000300704010000900000500000000841080050030300800007005001020
000501000005094600200030000600052000003000000010046030000403901400900005098010200
690043000007690800000000700000074300000165079000300010000900004500016030040007050
700054601010900080508600040009100800030006700004000003000000000000017005040300000
000010905000000036080000700700083060000490000098100040000000500039540001001007094
