064000200205003010000005006900010000080009040050000090090000100000260000040038000
082090010000000468003600200065030000000000009000000040000000000009085000000013925
605018000000009000300000800000020000849051020050060000901000300000200908002000004
600000000042000000000908000309080650200105000001000400000001900105290030900304000
007000000090050002201000000600002300000903760000706000308100000002300090500000800
000000604003009015410205003000002300000050000000000891506300008900000060080410000
308600100001004070090000002000000090700210008000700040009000020000190600000068000
000500001000006000000802500506900700200100090800000040609000000000090080050480010
204000000000000085600000090000010000408500071902007400006000000501002900000980000
008000002073040080200003007000030900040000030080000260600002703007400000020005400
065003000370020500000070003400280069008000070900050042009600007000000000080090000
000080000009104005013000200050000000030609001008003000800090000005360800026500109
005000928400800000000002704000100800000264000060008000020007600740026009000000050
980300060020000805000900003000080000060700002050030016005670000000009100001000000
280340009060000000104065802020000536000080400010000000000030600000400020000820010
000080503500000070009050002070908000006000000910300000300109000000035007600007008
001000320400008005032150800000807654000040700000000012100000570005000086200006000
500010000003070050090000006010050704009060010605000000000000230940005000100290000
500000020000072000003000600060038009030900470090000000400080000000609530000400200
002050047000000023080003000903070000070900000068025000000040705800506000230090000
036000000000700205710000600070000800903000000650090002000005001005003007000002096
000209006000000080000000274200900000009000608706012000008006000030000009000047310
006005900900000000001700024000090450004030060090020300015000000600000590040000270
008070000000000000509206000000000021007800000040000000200080009900104708060900004
608201000050006000002084000200059034504100000000040902060000000000000003031825000
000000009610040530370000040400001700007000900580070360000009000140050008038000000
040090130000600000070000806051800000360001000094070000000009400000050708000000691
002500010003000042000140000700000100000005603000400070300800200120000000000036800
720030010009085240000000079005170000100040000000000030000090008038017000070002000
000900100700008000604000000000020010500600070000570408001000000206009000890007002
007000160080040900010507000000802010000000002009064508200906000500000000008150000
100040300000900106000060450007100500000020009000607004301200065004005700000000000
050000100029000006000280004380000290190000030000010008040020000200006019000040360
005080006080001005200007000001008043004300080020040600000702000000063000700150030
502100080000000000190005207400002000026000000005701000007008002060900570009210046
020973000900200000600080000700690010008320000000000000500102093070050020009700806
000000004100300700400280306008000000000000000030009087002003009007096401804000000
936082040000100000072030000000003094000070000003900080008490010000307000600001000
000025900080010030050900040590000000001000204000000053800000005007030009020007810
010090000030800700080501000100020003090000000502007800800350900000400000300002004
004700006090000000000020070000901500006407002910000000060080000405200000102600080
000000001000600002072100809000406008000080400200075000000004000100050000580060070
600590000020004001001600850002300004000400000008000090807005010000100000000008579
000600700001000000786094000907060000000040061040201000058000046100000580000000002
200600030036000000090000800000070004048006390000500206509000000000040052080900000
060000020090000000800000903000502000000189300080063000050090807610005009000207150
000910460000240000000000070003060240000000008020004096401070030060008007270600800
000081000600000019740000000006007000000800004317000050105048093800050000069000000
000800030009000000007004000004390081000500609010000004000000000030650800006100070
030809020000260007601000009000013000906000003000006000000000000803007052002050100
009800207000000000000700983640000800000400060008360009003000104020000000460001070
070010809201070050095800000000004200058930041000085030000000000040000000037208500
024100009000800000060005300000402680000000003010600205000500000000009102300216400
006280000102070000000006007000000020070840030000000108010600300030009842900300600
180000400200000000004000096900400072060080000010067000800000007670008100000200003
000007100000000020900004000005030400030000005200100000701005009392070054500060701
000000000050904006000700010800300105000060080000105049000000008010093500760800000
009000410058036900604020500005002000000100032000690008200000000003500000000069000
003700800000008001680030024002040300730000560010500000007000000800000000250001000
000479800000800006500000000400000019035060000000003000150000093090006500706000004
300100270010460000260300000070000000000809001009270030000600000024083000690020000
000008000000050640000000102000540009000000205000029310400600000801003000052810000
000008001000000400003025070510674008030200015200050000600010002000000860008000000
700900000080001000000000043000000000000800604000170800026390007907060201038700460
090150043000000716000080000100400000000000900008700004005006090900073068400810300
080500410090230000003100000005040006300060000900010000050000200064900008800000005
003090070200500000009020060000000000750000000960000005000034790040970200000006031
000000000310000000080006000900700046100030080070509000000000790009100053500070461
004000000000200000185000609040720050602095008000006010050000000000609500029000400
006070004300508070150300200000020000063000000000605400804060700005000000070201000
000050300080000007000000900042001000530080000010030402300500100100003200020700508
025040000304006701000100003800500060000000302001680050500700006086000000000000000
060000005508300000213084000002000000180000603600000004007108042400050000020070000
930001002127003000000070000040009200070000040005000390000004950003000870050098400
460000300000009005000600000000000021007000040001004906009050000072093010050000060
201530708000000005370040000860000000700051600000070003600317002000200000030080000
000000900070280100500060072080000006037000000000010500300070601001020080009630750
700050009200040170000009002000520060000060000000100007670000903102900000059076004
020019800050000000906583002060000281000900006200700350000000000510096000000005000
006103008001074509500080003004000031030001900000008000000000700000900105008007004
080401030000008040401390700000000470006050003000860190300080000007009000100637000
000538900002000000000020080000085007001279508000301000090003000020800601006000059
300209057009700030000004200001040709000000400004006000090000000200000916070500000
040830006900000000000000018000680100000301097000070060309060070200140003000000200
080000000764000500205000009350700008800009067400208005500000700600000403093000000
060000000030400829400500000206000400090020307000009002040090000070030004905000003
090500030084001000305000070006900400100000000000003000000084003003060100860019700
907030086000010000180400030020107090060009040010000320000060018000000000074000000
008040010620008034000500000000400000004350070103006002000000053000000068080013000
030000720700000001802000003001000206200700800004000000000270500350100000000308064
602000700400150006010080009020000000800600000000049000040060080009010240005002900
570000010000900530400800000300000600017000300009507000030006005940000000008009700
063000590050060704000050308000008170000035800720000000000094000000001000105870000
000390000060508000000070000430000700020700034600004809070000000089000600350040007
007000600801620000000000000609210807000087105700050000000072010000000004006095200
900200040020840000000003000000100807000009020008002130001038600003600010000004070
000000000590300007030502009010007063023060001008009200000905000200000600000000000
000000000400150260200000100000400910008005600120930058600040000090200000010000030
000000418000000000000806320035047800807603000206050004000030001600000000058004000
600000070000528306000000002000300000003900008070102000008000007031009605506000081
600001000000025467000700900070000140000000503201000000506007390090260000300000000
085200000906035007020700009403000000000302600000000090000054000000900053002080400
050017006014800002900020080060900000007002000109470500000000040600001000500000900
000000000791805000458000000070916080009000000800700000004090210000020400010504008
400090010200050090009023000010042600000600000000031024300010506000800300800000041
000020053720406008605098200050000006280900000900000000040085000060000002000070800
800040700006050200520060001004000090000000000090016000080071040007008502000500010
200090008805270409093060007080740005706000200300500000530000000000000900000009060
000068300080209007020070006000056800000300000409020000000037600500480090000000000
000020709000060080050000000021830060060009520097000038003051000000000000019786000
000000800002000030010600000500007060700810009903050000030000050000000928805000001
000000008008021590000900000301000005402050070080309040000507004005130000000004700
000200000600700080900000000006030900008007005031080620000800100070102000009070260
001400600800000000000060190070054060000090002000000875205000000000710000000009028
100000000084100003000500200006400090300002000005069000600200000000000908039000502
728040050000000086090000000043000270500090060000000004000050702070604090005080000
580000040403002008002000300000000004000700009020010000005009030070000000310470580
500000060000580000008109340000010500000000230010206000095000003000803000000000090
090705000000000600070000000500406030000270405900300000010004500400020060002600109
000007800420960500000035000080050709005790000002800000290000030600000000058009000
000020001009007000000045200000010097001008050000700000003050009014000008800030504
100200508000000136005000027000600700003045000018000002007000000000380000004561800
940300001000002000000000000000600000017000030030007208208940700001700043000160020
054080600000000008600000452002006104040000000000000000007100240008240003001003807
200007034700500860050000002000003000800204907000005008000006205500008090003000000
800200000020000500006000000094001070001005006000000004009008210070500040010900705
800000002050800040004700000000000208430020670907000050006000090009640800200000005
210304006540600001003509000000000003000020800400003605000000002300005008000000510
000076005800900000795020006000050000900800501006000400500200000200090007071000040
000003800200000000007080400000009170070006009402730060640000000020040000008000310
000020500068713000170000000000004000680000230400206000000500360030072000810000000
000306000200007600040100003060503007700800300080010004500000700000005200070600001
700408010060120904001009080006000000470000600020500400000010008000000760690000005
071000000020003094008064000840000916000000003009000078097000000010200030000009400
079000600360001520800000009630970002500060070001000860100650000000000005000200000
008000009500000000000030270009500000001000400007040025980410000102309800000000050
090000000400108000000020600040000800209000060006009520000000050060007000702084901
019005000030002005000087100900010200600000900000006030006000002001600090002050017
006012090050003180030000602000084900000620000000591000100000400300006000980040000
200300015000009420000000003030000000801000509000905060000108006004502300000600054
003000560000300000008001207000750690000000800020006701005200000006907102000010000
070236000050000000026980007507000043000000600400020800000590700089702000000308000
000000040600020908050000027001400050900270004040690100000000000200007000807000000
000000020500400900000670008000080640040000759000309000020903006000060070300000002
900318000000040000050090000200000000300000100000030406009600000400002053080059200
090600701000700030004000050209000000740061000005340000010200000900100000003057100
000406070040000000039015000000907108800000005090003700000050384000030000000701060
000000259072500000010000000000100062059000001000000870640000007700024000008006100
006901000020800000800567020000000097240700010019004200000000078000000000060100004
254009100010054700700600009302000000090000000000000070000906030900001050073045002
000800700400500010100304008007000400800409230000002091000000009740003000301080000
007400200230000000000005000105904070900180450800000000009710002050000700000003100
001038000000000000904000100405300000000009820000705000010000540000900008072100093
602080007530000800900130602000000000000016000000970201300000000009020015007650009
080000009500097000010000000700050000901046080840200005000700004000000008490085602
000300000000700531000050208500020004000400380003100900070000000000098120209010800
070000300005000007008000014720000980000000100000810000002300709800140250004050030
050040000800003004097020000009000000240005000730000020000100305000050207003807009
000000010020009046500000800419600200800000091600000400000400980000978005001050020
170090600030007000609100700065000080000700405000860010010930850000000009000000070
000702004006800002000900580008000050500287003007050000000000600000300097400020000
900460003200070010408003900320000008000009000670000032000000020000007000780000409
003600002020304600040025000900002706000060950700000003000097000237140500000000000
005120006000500002870006050090000000004800600000617000006000005400050100000009007
204000090050001000809000000005000000020900078007008019100000006068402001002700040
006020000700000003005000000000009084000065709970400000060040900002900030040000605
050000040000000000004100000300025010009040006500306408010200800008000900203600004
900005014208700006000000000704000000860020709000001000000487002600000000000910040
007008402040001000000200560190500000004090000500104020610075000000980000050000000
008200060010047000070005000000000006002000800000000200000090004140008057560010020
004207009500300020009006400000000000401000050005000201000020700306015090100900030
000000320000000508000000019850002000010386000092500003001600000526800100080021007
000000700590000020700086930050002000007000000280047000060005000000004008043028065
020008047060070090000200003000000800200350070600800000700004900090700426000093000
000100060053060000900483000085900003094800706000007000009000000006370450000008000
086204050000500009205000007500000002007090560040000800010900070060000000000048000
000300200800102300100080000700040092400097000901000060080006019000000000000400800
032800600010090005000001203000000000520000000040008060083600040000000100400502009
920510006004000000075002004001000009000000870090700200108900020040205000000000407
400005020000000801190400605005001030080600000000008500000100000003020006000063009
021009063000360089000100054030054000104000000000210000046000000000090000283600000
026030400100700000004000100000000009070090500005400671030000020000200050500000903
503090000000010040700080901000000000000630570006000319800300000950000700000000456
004506000350900000960013007000090500000000214000000006000000000400100062610075900
500702004000000000604000000800600020720400806009007005200000410900010050000580060
020100047908000000005007000000070800081500904400809210010000000054000080003700000
000040000000000020032000000208016090179008004000000007000830900790102030004007000
023607900500008000001320007070900160005000000630000000002500006010709000900000008
005103009708506014003008000800000037000000640051700000000000006036000900000001870
004000003000002009080000010070021080902800046000900000000000031309470000008600000
000050807002074050000068120000000580040000002000080746590010000600920000010000000
002007400500000030007104020000010000003070000020000306000082004810050000006300570
090840010060000020081007000500000000000500062000001709000009081710002500000008004
010500600400001000009400200097000360500900400000060950002006500005030000000720000
400000000200007300079504006000000070000000900162070000000005030040062000050091064
004000200010000904030200000000420090050009010000710005025300600107060009009004000
602000503009800006500006000000000108000002090010090250000000005080025009000004360
804950000000400000000002060409000700350000008207085030000004005000000000006027080
001000300030007090007050012008000000500000240000020050004000130000508900970300020
590006000207094000086200003000040060000000200000063548000050000000007026000000980
